27.46755462647366 2.0189560506232746e6
21.949232566475736 1.0301710618371171e6
17.583124841808374 529560.18213465
14.120317632311188 274235.1302354109
11.368365589247194 143095.52108535502
9.17692012338359 75254.8087658332
7.427808288028985 39892.435966329205
6.030389726449934 21337.360766435093
4.910641853369415 11513.674442319463
4.011993828620309 6272.314558079809
3.289517867441927 3452.1030085596467
2.7078383100491035 1921.3533161122307
2.2400108146990614 1084.310881962402
1.8651030135625057 623.2616928966115
1.5670477849982225 367.56030607126127
1.3327460821099617 224.42202836681525
1.1494625890721952 142.6046679047625
1.0017170021908606 93.25842775796103
0.8730218901471931 60.859020531621844
0.7566540155696766 38.994653828639784
0.6581266230856909 25.233330959309075
0.5792660598554619 16.915536825701295
0.5137842112051259 11.603430160573854
0.45595268828353736 7.9769955787322795
0.4032258298751157 5.434072405612827
0.3548348653061198 3.6540528268975785
0.3106586689819031 2.4249583991924326
0.2707164776198118 1.5904037134315336
0.23497139309773418 1.0327428873052693
0.20327902426491398 0.6652083677747211
0.17539893320252384 0.4256969838050261
0.15102691458928155 0.2710151305156696
0.12982758091668667 0.17182848995625274
0.11145968600550463 0.10858473990731095
0.09559304175471296 0.06843819499685848
0.08191951935599923 0.04304417776559652
0.07015753454771513 0.02702688497712673
0.06005443614974578 0.016946857449439884
0.05138604161274473 0.010614772111596149
0.043955125880975776 0.00664281319622654
0.03758949471076638 0.004154216037916566
0.03213945083839866 0.002596467635461346
0.027475314025465214 0.0016221134392283897
0.02348513141523076 0.0010130314447538136
0.020072453920778017 0.0006324691506377247
0.017154344121249405 0.000394781159001857
0.014659535689630009 0.00024637249019316386
0.012526943903223722 0.000153732383028063
0.010704176210708296 0.00009591547422883326
0.00914634179293894 0.00005983710121101962
0.06082372256045333 0.00003620617593329924
0.06203113778597967 0.000038405454752984254
0.06326264629666113 0.000040738565943972
0.06451855006046021 0.00004321330398907611
0.06579938152591436 0.00004583836453608019
0.06710568168923059 0.00004862297866856465
0.06843785451531205 0.00005157661614988333
0.06979650532944043 0.00005470974943901982
0.07118214627653151 0.00005803325515577425
0.07259528435410158 0.00006155862806252367
0.07403646976531306 0.00006529814027460013
0.07550626826166966 0.00006926482337722875
0.07700522368834366 0.00007347240861371366
0.07853396654802397 0.00007793567891226338
0.0800930548936662 0.00008267007032499636
0.08168308837463026 0.0000876920429112627
0.08330469927653891 0.00009301912495534399
0.08495849456411081 0.00009866978471894933
0.08664512061921657 0.0001046637033767701
0.08836521690689579 0.00011102168635506716
0.09011948705591322 0.00011776599913850127
0.09190858100689951 0.00012492000214274515
0.09373315097746493 0.00013250841631943925
0.09559398349714095 0.00014055797970266977
0.0974917454669659 0.00014909647690125697
0.09942719284038258 0.00015815371375461473
0.10140104781215444 0.00016776107752379055
0.10341408813415824 0.0001779520597101344
0.10546710650504952 0.0001887621928136944
0.10756087163484905 0.00020022895553985177
0.10969621470579624 0.0002123923611896705
0.11187394548876549 0.00022529464002093907
0.11409490054112484 0.0002389806439545017
0.11635994960970163 0.00025349805411122755
0.11866997512021174 0.0002688974258557346
0.12102583381258684 0.0002852320860917494
0.1234284973664333 0.00030255929099654434
0.1258788208129477 0.0003209387889725509
0.12837781772530718 0.0003404350173058767
0.1309264063995991 0.00036111543599128156
0.13352560102835184 0.0003830522248773698
0.13617639686204322 0.0004063216288357758
0.13887981463944382 0.00043100456819819837
0.14163689098167756 0.00045718683264581156
0.1444487140219036 0.00048495972558350287
0.14731635019464634 0.0005144196706687363
0.15024092525833582 0.0005456693398290795
0.15322354551328426 0.0005788171913398051
0.15626539141561793 0.0006139788552188917
0.15936762696249862 0.0006512765360337021
0.1625314146259024 0.0006908395316401306
0.16575803561445537 0.0007328062078196955
0.16904871494361487 0.0007773223026116049
0.17240470761028467 0.0008245424535148181
0.1758273483502419 0.0008746314819867648
0.17931789684639396 0.0009277627139424912
0.18287778093253218 0.0009841221994284
0.1865083051977811 0.0010439048980079202
0.19021089780177977 0.0011073191773882485
0.1939870016171086 0.0011745858682826462
0.19783806973343557 0.0012459388957176902
0.20176560322872777 0.0013216267592261071
0.20577107984132012 0.0014019120003577524
0.20985606893925587 0.0014870743381588895
0.2140221654687167 0.0015774104168605073
0.21827097156956324 0.001673234384562217
0.22260409812904272 0.0017748789039775904
0.2270232393628879 0.0018826980386735933
0.23153011590715106 0.00199706723609157
0.23612649667369506 0.0021183851761253083
0.24081405523808144 0.002247071200370678
0.24559469198749678 0.0023835754242947436
0.2504702560799375 0.002528372927745475
0.25544252675167345 0.002681964308717869
0.26051354370602975 0.0028448875660512063
0.26568522209797424 0.003017708228869111
0.2709595484869791 0.0032010271983907127
0.2763385875884921 0.0033954832706712406
0.2818243773934029 0.003601751585228826
0.28741906463529787 0.003820550851876386
0.2931247532206596 0.004052640046277011
0.29894376906601533 0.004298831763267946
0.30487821914062824 0.004559976718737183
0.310930512579373 0.004836988735205125
0.31710284445629383 0.00513082511935799
0.32339776592120495 0.005442516322160731
0.32981755750252756 0.005773139572693878
0.3363647909102283 0.00612385008057375
0.34304195929349135 0.00649586652756495
0.3498515986157806 0.006890481064710552
0.35679636288877875 0.007309068275945311
0.36387897586607965 0.007753087604833486
0.3711021315564972 0.00822408200806169
0.3784686345787642 0.008723691924909686
0.38598127561008627 0.009253652711290304
0.3936429181160267 0.009815806145323448
0.40145662371196666 0.01041211673268982
0.4094253033365048 0.011044652382090916
0.41755206071749174 0.011715617217639172
0.4258400713563496 0.012427350705935885
0.43429239343645426 0.013182318741748876
0.44291244915782474 0.013983164589748857
0.4517033873737898 0.014832660707918352
0.4606686370572634 0.0157337686853958
0.4698116983322945 0.01668963136053034
0.4791361118406231 0.017703580462923765
0.4886452236202193 0.018779120523738438
0.49834289640673335 0.01992002037338158
0.5082326773469149 0.021130232637809564
0.5183185671144489 0.022413998033836563
0.5286042279040493 0.0237757627194699
0.5390936793894121 0.02522028079634983
0.5497908661549179 0.026752575205451896
0.5606999357493131 0.028377993235728684
0.5718249444798745 0.030102182357906845
0.5831702005285437 0.03193116113513403
0.5947399308913368 0.033871288736767806
0.6065386376767897 0.03592934519725949
0.6185706813955746 0.03811248474225398
0.6308406366643912 0.040428321333856376
0.6433531960801795 0.04288494089679307
0.6561129593881418 0.04549088728650467
0.6691247271373143 0.04825524876988296
0.6823934158760071 0.051187675639067634
0.6959239538867055 0.05429839125216476
0.7097215749392322 0.057598296406677414
0.7237909537335081 0.061098799485729965
0.7381376590453714 0.06481220809887303
0.7527668795010707 0.06875146439550052
0.7676839979541736 0.07293033090918447
0.7828945190818603 0.07736342414922857
0.7984038055156607 0.08206618791834422
0.8142175215913904 0.08705507771509298
0.8303416036561404 0.09234762354279301
0.8467814842560781 0.09796223701785212
0.8635431862176315 0.10391863445694238
0.8806325205981435 0.11023764301840284
0.8980556248715283 0.11694146706892121
0.915818421876004 0.12405356960015132
0.9339270976659777 0.13159893948250875
0.9523877110515714 0.13960402926588486
0.9712065605007699 0.148097006792482
0.9903898186019774 0.15710770428132814
1.009943889215448 0.1666678932261115
1.0298750253320583 0.17681122810396765
1.0501896279834708 0.18757351920228318
1.070893860710603 0.19899267086216538
1.0919942421718936 0.21110914793882737
1.1134971768106703 0.22396589385956467
1.1354087003847504 0.23760833348649804
1.1577352845065143 0.25208504254508246
1.1804826855648332 0.2674472267376024
1.2036576914557078 0.283750085751692
1.227265535019476 0.3010512980463181
1.251312571798442 0.3194131148419289
1.275804356833363 0.3389012856990741
1.3007462826133487 0.3595857846987546
1.3261437318866622 0.3815412647577148
1.3520013621584754 0.40484679804754875
1.3783240463477184 0.42958704932948694
1.405116282208908 0.4558522057728945
1.432381770913626 0.48373799551525115
1.4601240511082338 0.5133467659808879
1.4883458864811423 0.5447874064486393
1.517049727146277 0.5781764055841682
1.5462372681720569 0.6136380311449796
1.5759093460742755 0.6513048894850991
1.6060663318104307 0.691319185335243
1.6367068821359259 0.7338320025330168
1.6678292638234935 0.7790059027346292
1.6994303711512078 0.8270147308125283
1.731505524333298 0.8780444284637536
1.7640485740673606 0.9322944317618744
1.7970515888172895 0.9899786529983784
1.830459442412872 1.0512487337279277
1.8642576675549367 1.1163354597447142
1.8984515297441071 1.1855283585617364
1.933020559715132 1.259097091239418
1.9679416005900896 1.337331478819501
2.003186087423379 1.420538107729221
2.0387214385102395 1.5090449199985918
2.074507567529498 1.6031956213262162
2.1104319649331456 1.7031926808712585
2.146450224184616 1.8094154599143673
2.1825093928359 1.9222627197275175
2.2185316281117458 2.0421062222322655
2.2544309893034047 2.16932905699706
2.2900721807550157 2.304194612355311
2.3252997140723424 2.446912444668161
2.3600340469794996 2.5979416001245625
2.3941286720238666 2.757545584842681
2.4272772150404474 2.925407521260495
2.4595463201261856 3.102508156120858
2.4904272184793297 3.2876731165892332
2.52001647880229 3.481952086509992
2.547863534180138 3.6841576258619777
2.5737734042502995 3.893974000786041
2.597661490006521 4.111501184983377
2.6191961400047554 4.335589934534108
2.6381527594302687 4.56540837749714
2.65432520977054 4.800075738527717
2.667488320692901 5.038474717942725
2.6774940900626487 5.27980170989447
2.6840803205917294 5.522481021920278
2.687034274059132 5.7650558602327004
2.6861381065884347 6.005846463941149
2.6811542102538324 6.242773591936246
2.6718611828146215 6.473506857505735
2.658051021884611 6.695383748353413
2.639537789089837 6.9054569321271355
2.6161660540450034 7.100636877856499
2.58780529376507 7.277832186059424
2.554352914613617 7.434236125069211
2.515634087150923 7.566704924289916
2.4714720352095165 7.672484011592558
2.4216621408614722 7.748982232367962
2.365898628971957 7.792791752486727
2.303839901761394 7.799664169068146
2.235283292459551 7.765450871333999
2.160184218326897 7.685925140249244
2.0786133287485966 7.5573349450071206
1.9905531232857014 7.376498060042954
1.8958890637253758 7.140264923080945
1.7947895815140982 6.846221444472556
1.68738149463356 6.492684028579752
1.5739614266486393 6.079037523958308
1.455285893531379 5.607580278511435
1.3320139845332244 5.081825278700834
1.205884153364749 4.51244097486538
1.0780565452779067 3.9102804038906576
0.9503990923036179 3.2918551025859935
0.8242314120524835 2.6737116519152533
0.701155967476031 2.0757854077244873
0.5826354986896373 1.5192575187936108
0.469973241068741 1.0258404256588067
0.3640774785256904 0.6158992552565731
0.2644098325048186 0.3041776093906812
0.1682601802695444 0.10033898337252001
0.06569786931464856 0.007562057715123042