1.24503047878048984277894838546577 182.376452933317026944847466075472
1.1451124024760691571966619223731 141.100831775088305318715534323412
1.05487473460013003773990712412939 109.5821334706832354987923318167
0.97341478764255245698809674831768 85.452514264056746146336368318215
0.89991975079368742169785153535271 66.930113213308098686946899628067
0.83365935404400539803214896078982 52.672127335414373622525998034178
0.773979460009679575442404396835358 41.665068741031934942494822999304
0.720296439464728577750117999834066 33.14272424025594320964206197129
0.672092135500392642424274255633474 26.5247666110695738708742535341786
0.62890915770572651395192154941175 21.3707717695369624513332874981323
0.590346182227085527645925995882958 17.3457381360322799156700330442221
0.556052885445589018080960258635592 14.1942025891671509621951744050892
0.525724136914516855049024961960605 11.7207896719963914037932724117587
0.499093154586683362747697628889904 9.7755824205024052188563707037004
0.475923509118308616668480381274277 8.2431127376310220740101479638637
0.456000155722780547697976096779184 7.0340727606820274866021237698463
0.439120027756737553411719966667015 6.0790733767358953567084520787277
0.42508304910861353437544307530088 5.323942631612057686281844537995
0.413684584871409976818374554178808 4.7261810199441483971883842345941
0.404710249278905188789798804181476 4.2522843195283525072243529562401
0.397933615164293765815240553348153 3.875716153893917944700330369217
0.393116829056172736350011960483925 3.5753674656584354816460783515994
0.390013617783621709599895226758469 3.3343821602092404253502967584261
0.388373847637370450340456338926545 3.1392597480743944250871257866523
0.387948737514001323996216938050789 2.9791688165889682535871701110605
0.3884959869368973257953383733937 2.8454214549514586650350270042634
0.389784343120580472831252654384226 2.7310701612548518083139400091995
0.391597384425309947342961755202779 2.6305969099002122753642267429824
0.393736474281769904253917659801512 2.5396702400297467389629405629129
0.396022927971149844561231470914745 2.4549513064832249959439026066402
0.398299457664240514955507980653672 2.3739342850720413852405944936444
0.400430952527775632710379330944263 2.2948105090009160998888910085468
0.402304637779430510140034271760283 2.2163492071267691916347068660487
0.4038296538036582975234057336674 2.1377906109470056706024479829532
0.404936106614767510657993014866253 2.0587493970727669408484012343953
0.405573659587029868821373680744229 1.9791279008926945378186535269615
0.405709756370727603408618735098365 1.8990393249881691168952307817731
0.405327579956900889437713072672735 1.8187413963422847767242324267196
0.404423859116910484593304781670706 1.73858076693765518353840863662388
0.403006629919308845108906250605638 1.65894807782574989796498707925336
0.401093047977520601550044428807647 1.58024316888099494789784116189547
0.398707329114832863637316249958635 1.50284952541523581274420215899271
0.395878875273414079572805145264192 1.42711677208073271826484393318028
0.392640621503742619942381984460585 1.35334987628732316075609833131718
0.38902762083960411720726144777052 1.28180369975696119539724993631803
0.385075868083927035097429995157891 1.21268161233682223147991933265411
0.380821351551013562716105545635151 1.14613702456954193800604832533051
0.376299313604571384590509166857868 1.08227687364492763035493292904084
0.371543695986217259966252873956446 1.02116628556203049605105874279528
0.366586743835328381226413241115475 0.96283381617114313801578409801657
0.361458742282276841549529873707378 0.9072768337830503355543705815415
0.356187860920975381916790262134095 0.85446674069681308829360104702116
0.350800083780887631553475622459705 0.80435383899780045037557549692646
0.345319205195892195205497372922859 0.75687172891770899706560287306048
0.339766874879182013417365603131583 0.71194118897987894093292516840009
0.334162678345724766531611522700957 0.66947352987675136126089613911132
0.328524241434954806760883889707003 0.62937344228969388893288771356833
0.322867350003758779263445184085035 0.59154137612766568702243352792231
0.317206077855308263145511267308716 0.55587549787785643510945621085296
0.31155291764335840618904259549287 0.52227327631262370938482679016769
0.305918910867388732184614724610566 0.49063274656183684408705206851713
0.300313774181962289888185950529165 0.46085349993624972139051625125797
0.294746020119844765789951435324176 0.43283744289739323606693978137735
0.289223071008697352061860230578846 0.40648936392790677342519146783808
0.283751365380997800894648835537657 0.3817173422515006920956982940282
0.278336456563397379498622082964247 0.35843302767679246403856137358914
0.272983103415844813484498235054942 0.33655181649711416900140939022346
0.267695353391120150667888425434662 0.31599294444730723781881589262532
0.262476618221984235673187046868445 0.29667951424299299401105268316251
0.257329742632257896914050587730222 0.27853847221049347941486006582561
0.252257066519176883452069238053102 0.26150054592190624817211174843596
0.247260481079310379753599940758118 0.24550015255246268195032743554208
0.242341479355690846283551191833088 0.2304752858295384777112877864881
0.237501201675378842819849361536915 0.21636738790106999902207810154613
0.23274047642858727010210862548728 0.20312121117283699624566387530042
0.228059856617397515281128642655235 0.19068467411402539465349901247307
0.223459652574287455528841321100956 0.17900871416724956297736904934204
0.218939961222112749116730097371915 0.16804714019829125867325266849519
0.214500692217807262942931918734288 0.15775648635156427871163451123648
0.210141591293098613295237057678134 0.148095868717878022939135636223551
0.205862261077656772710313328361852 0.139026845852360334250319136165296
0.201662179664071404206245133106957 0.130513283886749135380392295956361
0.197540717149001695615515656510232 0.122521226745726827005792519500108
0.193497150362282031887186188454845 0.115018771793345235605994757628491
0.189530675974686160305242840928156 0.107975951091184959907049951663473
0.185640422155565886227776178539227 0.101364618337562114383909395172288
0.181825458934502013568124403008086 0.095158341472034142067667474742184
0.17808480740473416708389008713589 0.089332300863619718646216114999094
0.174417447892209197848317956956832 0.083863192953629121000713612517342
0.170822327200760543051890606175186 0.078729139188380209456457333006217
0.167298365032574534952739567127908 0.073909600053077027867528178884373
0.163844459672471801057277235892459 0.069385294001664185405007787990164
0.16045949301508169806281970260816 0.065138121067687207930851229736235
0.157142335005876725856671566540007 0.061151090936879172866902063462425
0.153891847558888442605666533195475 0.057408255260581915932563842932588
0.150706888008090539985623427658549 0.053894643992324621132682278420454
0.147586312142535643995777432334825 0.050596205533068089592184595160101
0.144528976870264832154033664643924 0.047499750476954546531269317956338
0.141533742551634120328525958431683 0.044592898756842952841722668479296
0.138599475037397168605656074745155 0.041864029995646299396614757753373
0.135725047444266313334976538744171 0.039302236879017392730597574419782
0.132909341696344422367716174042528 0.036897281372509406539898933789934
0.130151249857691038170376909392519 0.0346395536149918875335641533949
0.127449675279723458670305213949175 0.032520033329671051374209025381303
0.124803533583093470087901401420695 0.030530253601085175576840450142086
0.122211753492688577687473644806418 0.028662266875723605041716956634275
0.119673277542187903725826482583542 0.026908613051594805338294125968707
0.117187062662077506384999128867449 0.025262289529200937423979946172399
0.114752080665256479168236390769766 0.023716723104978335968371263226907
0.112367318640673635421566372516038 0.022265743593658838789836370044805
0.110031779266098487597362936567462 0.020903559074021879950633349131822
0.107744481049306284639239311734537 0.019624732658298570734170280335774
0.105504458505471683014591618756003 0.018424160691233908992258827743718
0.10331076227868247369869654120399 0.017297052291081344463716384968035
0.101162459213888400448705195261157 0.016238910149678357554806716215375
0.099058632385668654901818233219068 0.015245512514213290500867605823609
0.096998381087585636637477021077466 0.0143128962770963507950279158403339
0.09498082078985899475496078965707 0.013437341106979626233301746944141
0.093005083065525522828876707027813 0.0126153545548555156777157329659199
0.091070315492413253627438989395573 0.0118436580766785707497178223109063
0.089175681532533284018504926409099 0.0111191739151769814186987501470255
0.087320360391461722382987893964608 0.0104390127877343383733100941080141
0.085503546862371758327244695068338 0.0098004623313733094720746485901939
0.083724451153551742136918727934198 0.0092009762568845305604034618099865
0.081982298707350265890725312066704 0.0086381641704004806044362047063498
0.080276330004210290780493868542562 0.0081097820185188497293727827214462
0.078605800362524956798893717401368 0.0076137231215227703877938229279033
0.076969979727881165782710252130409 0.0071480097559573738510157239415481
0.075368152458605989580823721049699 0.0067107852544625982642154168091179
0.073799617105751708591925280747978 0.0063003065901059349767740202336723
0.072263686189180694371704871216763 0.0059149374156094824463264507061312
0.07075968597252363119210601484316 0.0055531415299375519103613836253512
0.069286956233606748844465175517007 0.0052134767449226467552219996685799
0.067844850035982818690803659383901 0.0048945891285395995974904416565596
0.066432733499434101610301502874428 0.004595207600983673700902049832709
0.06504998556916311007915661001114 0.0043141388617325112395734119005859
0.063695997787822103148585442623634 0.0040502626280185276605096907497638
0.06237017406556210525049869050688 0.0038025271645204206718956769104803
0.061071930453957188952038434301273 0.0035699450874801411089107396980794
0.059800694920107815008523047530818 0.0033515894256140544382775752199077
0.058555907124011078834184840167138 0.0031465899225693755039807601310984
0.057337018195793926545563236687609 0.0029541295654892980251167108330998
0.056143490517325340410890231702879 0.0027734413265372249300483673387629
0.054974797505595618763137252086247 0.0026038051038490638565341390279497
0.05383042339953011394398985411745 0.0024445448499172026081710787118071
0.052709863048578555681520789728163 0.0022950258756571565181895989550391
0.05161262170418891328949270893167 0.0021546523195451740396403126544044
0.050538214814676215555260358103436 0.0020228647717595814582345883647696
0.049486167826141352260891443900964 0.0018991380441123041186660973921024
0.048456015979225393190181939510141 0.0017829790756253952139311594798908
0.047447304116064141405635518332138 0.001673924967147646607405282500617
0.046459586488625458093450426235101 0.0015715411360290059089028943151015
0.045492426569264871826508793769146 0.00147541958362591284464102435207235
0.0445453968623133553921073581174509 0.00138517726863901799723171587225244
0.0436180787226940596076000670231576 0.0013004545803841376100442395374861
0.0427100621798335989228968854757047 0.00122091390564665890275590219660962
0.0418209457603482322835550946460034 0.00114623828281633796750619143116586
0.0409503363058372456296042179213687 0.00107613013775976933426918428715305
0.0400978488200030654052425869261699 0.00101031009915768423341501974455205
0.0392631062906245720633637433909825 0.00094851588403217451262895741028472
0.038445739521831192231810455387425 0.00089050125212545036737176785665153
0.0376453869950751367712973599474334 0.00083603502601278146195825736914868
0.0368616946816892796974678067920791 0.00078490016760900012224748352133163
0.0360943159166093464656341701703027 0.0007368929151077130911289742937848
0.0353429112238550290334498048959666 0.0006918219693826324203986165809526
0.0346071481906997284709466506824391 0.00064950773300365146181177821366378
0.0338867013120216554843627593646023 0.00060978159379796116652655247755541
0.033181251831975704963650948535089 0.00057248525206534563695635785071835
0.0324904876291243918857040885399852 0.00053747009112155235774051807597535
0.0318141030803595152154378301093169 0.00050459658496838503842484400925585
0.0311517988977284448569967077127858 0.00047373374083766489478063597688166
0.0305032820296617866619074103857308 0.00044475857878913010602138368665877
0.0298682655131395955693624148694981 0.00041755564069733571401609034276452
0.0292464683427741040073883752082013 0.00039201653000727134226694861358535
0.0286376153817008804030658763714416 0.00036803948118989302087671145024071
0.028041437196719904931151248859211 0.00034552895238882072513708182078901
0.0274576699531326475760787876744782 0.00032439524532672988948278130847744
0.0268860553414489573976677672960811 0.00030455414936462854854551661073617
0.0263263403662221834482773533941663 0.00028592660249022593121167661855829
0.0257782773516267012895960664991772 0.00026843838034790641800389807882632
0.0252416237522205636220174071969164 0.00025201979768037393041206228221702
0.0247161420537839902559962772471618 0.00023660543102414856564517393972708
0.0242015997244082914019869827543018 0.00022213385963927884590012889356342
0.0236977690241908058299127366821906 0.00020854741820389878429661656036954
0.0232044269811393809674042618674899 0.00019579196923466831393986304836956
0.0227213552724100810824900134196844 0.00018381668670343781270985012161451
0.0222483400755647972768888792541956 0.00017257385224587070881908900352085
0.0217851720503183538997718700042897 0.00016201866693145267043277044900849
0.0213316462484535519166484602946185 0.00015210907263904986265950409927903