3.2243278201766532510785273157047	3250.72098154757981862279037177
3.1681744746929469984124944070441	3083.330124377649372248920190802
3.1131325730735023264862303595882	2924.919557846225076778175635125
3.0591799993994872591725420393424	2774.994499996476321149605385836
3.0062950697848497344459027017468	2633.0879110303946710579773666108
2.9544565236034818439558062182712	2498.7589190823551760248782410023
2.903643514886079162486307533358	2371.5913360625400973145811318498
2.853835603883535434577044586404	2251.1922583877251123513015976185
2.8050127487937902402971972637026	2137.1907477162539058605694922651
2.7571552976491273157317853623289	2029.2365870860307111627301914907
2.7102439803610190110852615759393	1926.999108120076237691205804968
2.6642599009197554559071902624374	1830.166085214609885383016850143
2.619184529745941053413688241274	1738.4426928599176695412445819721
2.5749996961913830937816288702684	1651.5505224672137086717897398971
2.531687581186814293836302418926	1569.2266552835925832493034234922
2.4892307100337210944709340214723	1491.2227881739005366740342680898
2.4476119453380853411356130646356	1417.3044092350375249321659633497
2.4068144800836708168021001499657	1347.2500203826872179976116463532
2.366821830842515266303260704283	1280.85040421531251164041118902
2.327617831120506140698917179329	1217.9079326158740671926680315277
2.2891866248358625753990257034584	1158.2359146978791024958726750796
2.251512659928699203426440191377	1101.6579818407181177171705041882
2.2145806820994918472289302625034	1048.0075076884932293049209553847
2.1783757286745268748856099784422	997.127061109318254450836837468
2.1428831225968699994819778925211	948.8678902279371158206337446112
2.1080884665406765195204793836	903.089435752056773899037972991
2.0739776371474349230942765465375	859.6588719162217455987220396948
2.040536779382447566152527763043	818.4506734630208215147031681402
2.0077523010099730954322529443547	779.3462071724239907141882883244
1.9756108671855005810876617021088	742.2333465356966119786517972701
1.9440993951638988919272286803505	707.0061082512955377984087172687
1.913205049121786084743614205096	673.564309295672231214312966975
1.8829152350929666319932828100022	641.8132433941080724022113014157
1.8532175960155953667777962763315	611.663375783944769517050167667
1.824100006889807239318833740066	583.0300552262489480076149538189
1.7955505700446190314457289427256	555.83324228193421967394507535
1.7675576105129374192378845306454	529.9972529248498519847558738316
1.7401096715135135336271098939215	505.4505166175584219006124284212
1.713195510038814447397311191479	482.1253480257835344596522993465
1.6868040925475203745403541790073	459.9577315945323110107129367618
1.6609245907609144629415069465134	438.8871182539172041176984963917
1.635546377561787299765507754101	418.8562335641078757607808838884
1.6106590229950174617965702129054	399.8108966488667898897695167907
1.5862522903687223136321190415998	381.6998493041686654746840459312
1.5623161324549558775571406966763	364.4745947036112157816708313675
1.5388406877889594107122787260978	348.0892451554576252623981076433
1.515816277065789114902671860617	332.500378397237189171624144492
1.4932333996334848317395176680576	317.6669019434875638565326809037
1.4710827300814563234782040893521	303.5499250296140346634220606159
1.4493551149231787328685881735609	290.112637721266672266725330073
1.4280415693719353401626954754073	277.320196783038043875203234807
1.4071332742085177335226353802348	265.13961792362504442777727198902
1.3866215727396557474071237984743	253.53967405640425006968488279654
1.366497967845894149430899179434	242.49079923498150278013053967128
1.3467541191177267284653568796707	231.96499794278413997924772362001
1.3273818400784502601208529239539	221.93575943391656985238718979445
1.3083730954925579963891655531844	212.37797683998715652070238526627
1.2897199987580218303355135949043	203.2678707736653608363927129694
1.271414809381031055128920635884	194.58291717521796940650805860849
1.2534499305315834666620141891303	186.3017791626736741458922404269
1.2358179066781853851805725611427	178.40424265986623215575074279102
1.218511421300055776715316888161	170.87115558955149067532744908826
1.2015232946748971615470119605186	163.68437043078718792729267780968
1.184846481740428420102189232349	156.82668995127849363117522769614
1.1684740700276289838188226116686	150.28181593608447916020567925302
1.1523992776637794479476233074776	144.03430074431785487052964744353
1.1366154514430641070746183191719	138.06950153493980877007059131994
1.1211160649625714064481818303707	132.3735370118362949648572184774
1.1058947168215102931248550452517	126.9332465468856133432936403842
1.0909451288811334741466532188229	121.73615154765643618878219349739
1.0762611445831269997727278702905	116.77041894406202378768797315674
1.0618367273238962542031568862606	112.0248266753321358815289864016
1.047665958882203348725373261249	107.48873106542352689054755284467
1.0337430378976184223270517281	103.15203598135176139882689602186
1.020062278397005112790578865456	99.0051636748488080888716498071
1.0066181083665189925250155516942	95.03902721348609445896965553471
0.99340506836620858498855387706	91.2450044126146726796638701452
0.9804178101844744285302191908998	87.61491318455524499245425381706
0.9676510955296521385384336393985	84.14098822620977148440142664542
0.9550997947557839918548116140955	80.81585897067859721917702206789
0.9427588856197639747145832137168	77.63252873271473808234014674853
0.9306234520670488048029675065784	74.58435498181780722643551470357
0.918688683042971881901493476065	71.66503068047466192779529525616
0.9069498713269496461761440432742	68.86856662864603504272206372356
0.8954024123866631702253889559447	66.18927475887234059970832674424
0.8840418032494896502969850481604	63.62175232955354253007325541616
0.8728636413883529449972560728111	61.160866966887936606903265024
0.861863623619420504050208845157	58.80174250879634090240730947367
0.8510375450088834197489504366943	56.539745606739382775374397372
0.840381297786320507035543256464	54.37047304386553144681278649015
0.829890870262133012852258904658	52.28973973025243747307176772402
0.819562345746644848782169860766	50.29356733822077645543730750003
0.80939190146858327667933860467432	48.37817354279014630447953200835
0.79937580749066076629569697821393	46.53996183429569476890104706262
0.78951042562030401599843471393458	44.77551187207813742980133893894
0.77979220831341760017634218341479	43.08157034985779186706000643138
0.7702176975694529456133150441762	41.45504234509901220750070874677
0.7607835238159772656302534233572	39.89298312618924379931819101373
0.7514864047813093061218688648724	38.39259039276174944162406969879
0.74232314435365952868830292134464	36.95119692582750059252473828242
0.73329063142561394075867522807061	35.56626362572535523179631908129
0.7243858387228279793963389386884	34.23537291710585188980150479451
0.71560582161592073978639680049412	32.95622250131689953925513462396
0.70694771691487979934248452721404	31.72661943767297171809557973175
0.69840874164524925208434378836304	30.54447453608758917038317023625
0.68998619180571306623656323693372	29.40779704454208712093380865855
0.6816774411066798344912282287127	28.31468961575236221375866866042
0.67347993968985686056777364540947	27.26334353828343953852121972624
0.66539121282869125437032537028513	26.252034218135585504504489918627
0.65740885960994459036386955860359	25.27911689761826271795718704557
0.64953055159668756311027924530029	24.343022599028865758772285824912
0.64175403147324215349653988139591	23.442254281340625185957749864948
0.6340771116725794535338455779108	22.575383198722538261472751793981
0.6264976729870823853198093632666	21.74104545034421245906102406212
0.619013663163436619019201932082	20.937938711452446910241532182321
0.61162309548272592783201414152678	20.16481913626046531163363016965
0.60432404732684979755226907300811	19.42049842368416301764594821094
0.59711465873249865893892528524749	18.703841037433996330640254838378
0.5899931309340012590681922155248	18.013761572415361248993876174701
0.58295772489653525715708714283963	17.349222259819018967437446004635
0.57600675984114383774115507442334	16.7092306036674061093183111702
0.56913861176315091350858540094339	16.092837141964874153083106580906
0.5623517119456414184571392476687	15.49913332595401113934361682401
0.55564454546969379595962575340161	14.92724951131090804065450249087
0.5490156497230708889680690712626	14.376353055425824538661585903844
0.54246361290914176716285757128942	13.845646515216760383946351441828
0.53598707255785387894945701049795	13.334365940206968687741148765042
0.52958471404050285174475307154106	12.841779255857454804075089445227
0.52325526909013042109649758683665	12.367184732404463157195058290924
0.51699751432932780271506786300783	11.909909534687429175887171667782
0.51081026980722408020100594365774	11.469308348681051577910187038374
0.50469239754740315730794297280415	11.044762080659342427046099240574
0.49864280010848132070674242626297	10.635676625125087032318429019086
0.49266041915897343757232732909949	10.241481697827829447151370779315
0.48674423406815081625451265903511	9.861629730385791240120818194738
0.48089326051438482968219140046106	9.495594823192193665659225204062
0.47510654911253746198039929191291	9.142871753461459230167762418885
0.4693831840618074713414191295575	8.802975035423971779786946807391
0.46372228181543298433276931155022	8.475438029833066133002658702365
0.4581229897735397292672685231838	8.159812100089648090503709873936
0.45258448500030278890405134576264	7.855665812425025698030397400706
0.44710597296665621608315115765218	7.562584177721484226943656832744
0.44168668631947068792998721844142	7.280167932662595498142593057528
0.43632588367826685567554165507628	7.00803285803701389825426876884
0.43102284846026076552760098770356	6.745809132123491148707370250964
0.4257768877345646581538501471652	6.49314071719939904763300593861
0.4205873311062005386715817863362	6.24968477731477715422892342119
0.4154535296305507111760307495805	6.015111125575489264455940985913
0.4103748547587247907252171870255	5.789101699270788790450054567876
0.4053506973142952087462222319632	5.571350061273313556460440764255
0.4003804665017096919672492673968	5.361560926222790116044609772717
0.39546358894663722388747186004881	5.159449710088045330601147380219
0.39059950776840452651063381433191	4.964742101779218668182182535148
0.38578768168462474551422504021677	4.777173655557355434928884979022
0.38102758414799093841756338982938	4.596489403057349796874205486932
0.37631870251520712788867933676641	4.422443483810441623157704645585
0.37166053724787995209269318474348	4.254798793213564586542586777517
0.3670526011451844323401318107348	4.09332664695598424653588172473
0.36249441860802120171129720514896	3.937806460970348923965411509825
0.35798552493435015141472249221641	3.788025446031198838511863428685
0.35352546564526797969531871053744	3.64377831617410278031828160396
0.34911379584145578662228212889621	3.504867010161656097644914597056
0.34475007958944039694093780277399	3.371100425265009652059262577463
0.34043388933717730232178901005635	3.242294162677434918981405077442
0.33616480535835249888990079032646	3.118270283916095681797125768362
0.33194241522481448884796531065886	2.998857077609311141042780286765
0.32776631330647102538126273636059	2.883888836102647623265931781396
0.32363610029798286923876307923632	2.773205641353196835679543039763
0.31955138277156142481633382414531	2.666653159614547279925095914741
0.31551177275512957868099193385302	2.564082444445521462547203017173
0.31151688733511656475716042656015	2.4653497476059308937288689125154
0.30756634828314113325492376529695	2.3703163374301035248904287425576
0.303659781705788817524602972973	2.2788483242939662382632226887757
0.29979681771672156109631047793225	2.1908164928167938557228949061327
0.29597709013033330051567485439439	2.1060961404610211976099998047854
0.29220023617616839100996888717457	2.0245669222149761444793225316515
0.28846589623330510629913346364218	1.9461127010630203546548115028183
0.28477371358392160429499281695069	1.8706214039665210976456457614944
0.28112333418526211949071603991108	1.7979848830963838799832750330344
0.27751440645923663757088940655779	1.7280987820742776563734550274752
0.27394658109884802341749066325438	1.6608624069939139390623193763646
0.270419510890741333386787778896	1.596178602009594453640564543277
0.26693285055307617412561082361661	1.533953629290338775903948734349
0.26348625658801444673897621557083	1.474097053151624715216677148689
0.2600793871480858590442515516579	1.416521628187300800995708360051
0.25671190191573541115239396099409	1.3611431912352564807229255576365
0.25338346199534964783174184364351	1.3078805570198273896881570239536
0.25009372981709044535865814083497	1.2566554173232732708578192367198
0.2468423690518817550748475360299	1.2073922435470814548452095641154
0.24362904453690467186294953012175	1.1600181925315485570928782948604
0.24045342221098172326539598024426	1.1144630155094707864236771908161
0.23731516905925779283792568729378	1.0706589700766039857713381776267
0.23421395306656962119736750856489	1.028540735067315283208696929871
0.23114944317897804392899437443348	0.9880453282305232204110326540169
0.22812130927289560784750688783566	0.949112026605524971320058059565
0.22512922213129174076250019985977	0.9116822895027304553115576094687
0.2221728534264780220665972536523	0.8756996839989429880017698497878
0.21925187570899403255963270799574	0.8411098128610897902248424521545
0.2163659624021145421698364915019	0.8078602448160742323077077805831
0.21351478780156282425623642614974	0.7759004470886616862872604604512
0.21069802707998652277773769097957	0.7451817201321911685468191160686
0.20791535629578773727939651330635	0.715657134480338346524215058219
0.20516645240595280795021824605502	0.68728146965151648803096641668
0.2024509932824726196280502239626	0.6600111550395169098594063769262
0.19976865773204497020523849236428	0.6338042127274867397632025453638
0.19711912551870138948446185863019	0.6086202021640853083751943498777
0.19450207738905405332139646870107	0.584420166643335718451934834398
0.19191719509986799452742988607473	0.5611665815317580717215505809509
0.18936416144768358043487565234186	0.5388233041884216428972624268879
0.18684266030019768059108060763244	0.5173555255251809751565792625795
0.18435237662920437136822596032623	0.4967297231568323984191416312794
0.18189299654480128058086493389358	0.4769136160916742760617733748229
0.17946420733069504376316015469877	0.4578761209155361495898953293232
0.17706569748036336791517426807197	0.4395873094231063047840056523699
0.17469715673390102640643258119867	0.4220183676523110658048189576353
0.17235827611536105564121009324463	0.4051415562786442801511631788292
0.17004874797042971144196556054524	0.3889301723277812565003465408241
0.16776826600426778722578021138697	0.3733585121659442239882444955201
0.1655165253193941336238742643962	0.3584018357289178033216733457386
0.16329322245345868961355292494907	0.344036331951492560533704564609
0.16109805541678994739727452412458	0.330239085360422074733186548006
0.15893072372960587723212436148708	0.3169880437950036133851196474271
0.156790928458778347094461892318	0.3042619872203715253853126017797
0.15467837225406533210090748055175	0.2920404975996832639076510191217
0.15259275938370806886178170348015	0.2803039297921865860579900777308
0.15053379576933500413580788658275	0.2690333834453043799258152625305
0.14850118902009097310705627898225	0.25821067584958822668921635259775
0.146494648465922933499833104693	0.24781831572630860092098514246065
0.14451388518997650583176990269505	0.23783947791838325371567343612549
0.1425586120600516948997377152852	0.22825797895609822460709436240338
0.14062854375906287607236238573595	0.21905825346983584613405285192919
0.13872339681447803902556776584281	0.21022533142292524388430886476738
0.13684288962669532520140859332839	0.20174481613837713600535606630625
0.13498674249633692690206583937567	0.1936028630940866855280500042993
0.1331546776504281741014453051399	0.18578615946172956472489977045181
0.13134641926744631396831686689448	0.1782819043653375405531752039103
0.12956169350122978867528514667003	0.17107778983622977196914185091194
0.12780022850372992209586656468172	0.16416198244159038137740216772088
0.12606175444660230521057482021546	0.15752310556468493977541579277147
0.12434600354162773618646073303615	0.1511502223153012758963471569114
0.12265271005997584399263912629849	0.14503281904969716593219215882107
0.12098161035029240646016741606654	0.13916078947981085035668847580418
0.1193324428556365557017587806155	0.13352441935224062404033285004138
0.11770494812926216976381265309453	0.1281143716779474674560665269144
0.11609886884925152605542100093899	0.12292167249424368635867647417284
0.11451394983202426750223291964801	0.1179376971412200284014115023979
0.11294993804472239900739829056	0.11315415703521832265505315376882
0.11140658261649106311427584258575	0.10856308692253828652176836968566
0.10988363484867603780962313979128	0.10415683259707230467167413465786
0.10838084822394762464314102736782	0.09992803906602083371949181175475
0.10689797841437260583474407184354	0.09586963914835960762071704073416
0.1054347832884605361416933614813	0.0919748424912093474709455707241
0.10399102291719291234050756079004	0.08823712498966758449996071550918
0.10256645957907077535676687056551	0.08465021859618258638035845222927
0.1011608577641926391948050572512	0.08120810150591970949654108536797
0.09977398417739045806733142198516	0.07790498870503733037387939199494
0.09840560774044939139453593737332	0.07473532286919573070919867458646
0.09705549959342964518944307641115	0.0716937656000068931776618350989
0.09572343309512081785010451522429	0.06877518898755415246721345783269
0.09440918382264531512838800396901	0.06597466748745993198030748407476
0.09311252957025054638136646963566	0.06328747010140198401317109236884
0.09183325034729509818194397656553	0.0607090528502643052761439773942
0.09057112837547306202609158721193	0.05823505152954437822032993014229
0.0893259480852836217059392536001	0.05586127473690176004904406778028
0.08809749611178996986267198461784	0.05358369716214028225278619831259
0.08688556128967487199989146117123	0.05139845313016552720856572333851
0.08568993464762790487580804776226	0.04930183038782779101295719572648
0.08451040940208727296089056975661	0.0472902641258407369755775443774
0.08334678095035797363647841190267	0.04536033122726045510703715474575
0.08219884686313038384976851423247	0.04350874473430138323087522459411
0.08106640687642716379512449784597	0.04173234852554998853128863719831
0.07994926288300093166709615105679	0.04002811219589788774238727172198
0.07884721892319384934316327213114	0.038393126131762262714579359018
0.07776008117530667163732450527478	0.03682459677447146451522908325854
0.076687657945471639001309582899268	0.03531984206485883138492696956333
0.07562975965707162664570720910978	0.03387628706242036874157626483424
0.07458619883971688767651291607354	0.0324914597325766859327236009374
0.073556790117805396505214632944612	0.03116298689582592507608067210115
0.072541350198678486917746723026024	0.0298885903327728635789286772194
0.071539697860409055748820388587204	0.02866608303926335780164882651513
0.070551653939219374892671475258	0.02749336562600561506275526315712
0.069577041316569905543646811868373	0.02636842285731392425857763053253
0.068615684905919599959492895112837	0.025289320323750610874936385069127
0.067667411639190815282673701405492	0.024254201243666896798833861523924
0.066732050452940291218025808554709	0.023261283388785586022101057954349
0.065809432274273663875153585284332	0.022308856129182330397571738100758
0.064899390006499616234578859569529	0.021395277593144143503326335320347
0.064001758514555561140054597939228	0.020518971937585091291327278157607
0.063116374610210819050222849980231	0.01967842672482800163422056157219
0.062243077037069991802463440810398	0.018872190401729906842786109507173
0.061381706455384805696886363409806	0.01809886987726102766976805730519
0.060532105426693075306070200884681	0.01735712819479888337443382019538
0.05969411839829790973953250099781	0.016645682295530335870352090975773
0.058867591687598641587208862700993	0.015963300869485281724741416920245
0.058052373466289234199800164747815	0.015308802290857037160119553478719
0.05724831374443649009998730381263	0.014681052634384513722862029937127
0.056455264354445933396691398290176	0.014078963769686989723863375165141
0.055673078934936514073293858411082	0.01350149153056752792845658353426
0.054901612914519219183661988639302	0.01294763395639195684654686201048
0.054140723495512865393900622961801	0.012416429602786265575654566730773
0.053390269637586866755441792948053	0.011906955918965894576500504190265
0.052650112041350903045426027101954	0.011418327689132912614112855007756
0.0519201131319026674039460450619	0.010949695535466156760790309844851
0.051200137042337899312023576615308	0.010500244480317691597261892537833
0.050490049597234394543223226354138	0.010069192565323633780656760916844
0.049789718296117590807934120190805	0.009655789525220901406524553866161
0.04909901229691848396081420152778	0.009259315514246582347829676735934
0.048417802399428231452991199896624	0.00887907988307300626126633125394
0.047745961028757374346992988159631	0.008514420004311327095661320332263
0.047083362218812266462513177777721	0.008164700144693350972753292661788
0.046429881595788802643138798418195	0.007829310382106266013836254589113
0.045785396361691151196877279622926	0.007507665565728757843587795853072
0.045149785277887479799793841468196	0.007199204317585648829118819245088
0.044522928648704055053066694714916	0.00690338807389696843733268908566
0.04390470830506059655462764527283	0.006619700164660532691377819166332
0.043295007588161086042226582195143	0.006347644929972073520014953803265
0.042693711333235390672120928569811	0.006086746871635523424266872887676
0.04210070585334663927400982035876	0.00583654983868058274791817683934
0.041515878923259096047162123373017	0.005596616245448912800748054325246
0.040939119763379512777848228309309	0.005366526320969786138082202553985
0.04037031902376911412611110406874	0.005145877388388659856831020686265
0.039809368768238479268347630919341	0.004934283173266020064113931671324
0.039256162458519059139768128872291	0.004731373139602298080154439372172
0.038710594938523066650115092593458	0.004536791852495977108168095027022
0.038172562418694161238898294969657	0.004350198366380642849053317397231
0.037641962460445850556682468151979	0.00417126563782589960919839840209
0.037118693960698932475369702024042	0.003999679961931569989161196846267
0.036602657136513438872012935201406	0.003835140431376866186120543744701
0.036093753509827216854435950355147	0.00367735841722831248174514692998
0.035591885892288926714311229755193	0.00352605707063737171520020139522
0.035096958370205751749429025524959	0.003380970844602881910634820367021
0.034608876289590867089503144046677	0.003241845034994767485485709285944
0.034127546241328176522568766895211	0.003108435340076719453651063733638
0.033652876046441852607667917822147	0.002980507437786636165157809545197
0.033184774741483459206710536428058	0.002857836580069928989217509198966
0.032723152564031909387521948158646	0.002740207203583521461433749239901
0.032267920938311973409595198731084	0.002627412556118038613070870337177
0.031818992460928197756197101480066	0.0025192543381090503384749617342866
0.03137628088671944621285409665766	0.0024155423586351332342517756678764
0.03093970111473322680628499200179	0.0023160942053227162004838474557526
0.030509169174320750402988526858426	0.0022207349276010294010914884498777
0.03008460221135449128952411106767	0.0021292967327726314273168579570357
0.029665918474567818580155019757407	0.0020416186943856229052898653740538
0.029253037302020560373579951311808	0.0019575464724148894435942061816468
0.028845879107683825760396351288791	0.0018769320447770441133136624986516
0.028444365368156434597967836702378	0.001799633449726447491164449235215
0.028048418609499440673595504543352	0.0017255145386924350051416514294286
0.027657962394201734370106078150162	0.0016544447391405780465537921562499
0.027272921308267576060296240621846	0.0015862988270530801798152274311955
0.026893220948432392499465161571526	0.0015209567086424413523804116320969
0.026518787909503817922474785409553	0.0014583032109261293697341564814006
0.026149549771829090094455011793564	0.0013982278808055769808532418852371
0.025785435088888603847944948076744	0.0013406247923067935936972147824569
0.025426373375014460945836333235623	0.0012853923616534007878362711052396
0.025072295093238871738386501165013	0.0012324331698569487485437794423005
0.024723131643262343631026117715186	0.0011816537925196744797525820028333
0.024378815349553348426299564298113	0.0011329646365603367865112470370684
0.024039279449569660249213210900047	0.0010862797835820995880692929634502
0.023704458082106831333693518632119	0.0010415168396149335089723338193778
0.023374286275768567006869666112704	0.0009985967909741937728098274102186
0.023048699937565529284159691129005	0.0009574438659889605418201648657696
0.022727635841633520496153801001252	0.0009179854023615511064923634260859
0.022411031618079672740689670392704	0.0008801517199314567827230884798472
0.02209882574194490047308553430456	0.0008438759986235170289256539132404
0.021790957522297165939698384568037	0.000809094161372149879780515381183
0.021487367091437560397929361501453	0.0007757447618179771268224315142758
0.021187995394234241497910782835135	0.000743768876585199738603986349028
0.02089278417757243433533048336281	0.0007131100019527232520350176666301
0.020601675979927225898662157531451	0.0006837139547416151616849111264263
0.020314614121053279606034549834812	0.000655528777247255997075439004689
0.020031542691791399826017612722117	0.0006285046460520974567713098611062
0.019752406543998395157053871933617	0.0006025937845621332284716872993918
0.01947715128058647530103337841258	0.0005777503791145910963241952070922
0.019205723245682790204039708736545	0.000553930498512829132682443201552
0.018938069514904330138525911988975	0.0005310920168487458423612587417497
0.01867413788574497626650941850527	0.0005091945394788456648442698843678
0.018413876868076093355188696182824	0.0004881993320259073234348934542051
0.018157235674763206477446459184745	0.0004680692522834291481425358571291
0.017904164212389735409111998010473	0.0004487686849040714629349285621851
0.017654613072092980580047709850641	0.0004302634787592723993389358793209
0.01740853352051303960273154665402	0.0004125208868613701112565294366363
0.017165877490846913353097029669998	0.0003955095087433601409408785698061
0.016926597574012875966377889916923	0.0003791992351966110927210424608635
0.01669064700992003136044093809811	0.0003635611952701577790961554465352
0.016457979678845485897028875007892	0.000348567705439623115289793623922
0.016228550092920386229476952542088	0.0003341922208574324904804024560943
0.016002313387710776022458699668842	0.0003204092885986230811119603846938
0.015779225313913096931395328057788	0.0003071945028221493107240846018898
0.015559242229143532365148653386671	0.0002945244617683001624227375956979
0.015342321089833035752502418021342	0.0002823767265180807725345846327707
0.015128419443223654277202378513584	0.0002707297814424144215820382161278
0.01491749541946130688072588486281	0.0002595629962719633525942790561732
0.014709507723787099440383388003875	0.00024885658972156624689702686108365
0.014504415628831155591979743691706	0.00023859159460603519294976947235233
0.014302178966999300397765400491459	0.00022874982438592725482124814003207
0.01410275812295277890007753037089	0.00021931384108493946467820586839232
0.013906114026188676387824950374048	0.00021026692452327631071410441378964
0.013712208143712694655891265358087	0.00020159304281282387314857925339904
0.013521002472798894571495809512053	0.00019327682406235820963681597994232
0.01333245953385041778409889473144	0.00018530352924396527217697131348362
0.013146542363343335567481808491892	0.00017765902617242915925240321055668
0.012963214506864344729335037108392	0.00017032976455256557330646492975373
0.012782440012236651553811190892522	0.00016330275205059599943429257588881
0.012604183422735215658672311466839	0.00015656553134773636120142950279189
0.012428409770384487506242308096068	0.00015010615813557259316423938566052
0.012255084569348247961603054421	0.0001439131800150634901915005253918
0.012084173809399743446174720890564	0.00013797561626176414975349512863709
0.011915643949477609181589187604768	0.00013228293842203533992158921109243
0.011749461911329223954271088732488	0.0001268250517062758588726940194368
0.011585595073227209992239660632806	0.00012159227714608489430651859871805
0.01142401126377637359247086222523	0.00011657533448465674285369567005254
0.01126467875579678946188366390314	0.00011176532576991821564549942174846
0.011107566260286141558784552475362	0.00010715371962174367697653098032086
0.010952642920462954942259772285866	0.00010273233614568887314189612737441
0.010799878305884950841755152094466	0.00009849333246659487915610170861228
0.010649242406647997172954542150371	0.00009442918885682620747380974617921
0.010500705627655183397005833988433	0.00009053269543449440183510726808662
0.010354238782969716058002445955159	0.00008679693940867983687211784308166
0.010209813090230638879515962032557	0.00008321529284868754111232309589728
0.010067400165152715712767413509052	0.00007978140095641024234266905216525
0.009926972016092036621501810020675	0.00007648917082070889503743265809231
0.009788501038686005436924425755428	0.00007333276063426962288510637154595
0.009651960010563810708178286190331	0.00007030656935388023570832620606443
0.009517322086123910243509395666442	0.00006740522678587124926154602296934
0.0093845607913862073866945749724	0.0000646235840794537165623246749114
0.009253650018907978247820272333358	0.00006195670461098636382682006418113
0.009124564022766719925556975502612	0.00005939985524321302645288235520713
0.008997277413614725241461187918262	0.00005694849794418052957654222244365
0.008871765153792321209343365252495	0.00005459828175082400042460666040329
0.008748002552513651589992438007336	0.00005234503506334737360989092097047
0.008625965261108901765563151369411	0.00005018475825652237845646507421097
0.00850562926833632329172749767678	0.00004811361659514789964074479925142
0.008386970895754550040310301493126	0.00004612793344101186560326988269868
0.008269966793153484875311947014351	0.00004422418373936901448886699611329
0.00815459393405202591833784483919	0.00004239898777359722716760042003074
0.008040829611252312629963198822168	0.00004064910517685177948636653742701
0.00792865143245494271008401428319	0.00003897142919024050893822003540866
0.007818037315932280106677421067425	0.00003736298115735273084267183916336
0.007708965486258475268975705233988	0.00003582090524541843474260235700554
0.0076014144701009957242979795396306	0.0000343424633838582929517424783472
0.007495363092063656047310365420855	0.00003292503041115507110637011008745
0.0073907904705919994675432144837183	0.00003156608942163931276234918325851
0.0072876760139221229535466596173291	0.00003026322730372865345313914471722
0.0071859994161016263248304240851639	0.00002901413046212582688099143029054
0.0070857406530467406217081667487471	0.00002781658071596061718013752685089
0.0069868799786645994868714922202053	0.0000266684513660111588675209107801
0.006889397921020100319993064474778	0.000025567703423806271690182259415742
0.0067932752785609128020631665015349	0.000024512381996117161361636162978089
0.0066984931163898896322941745765668	0.000023500612818328531049678016468385
0.0066050327625866875778778883699056	0.000022530598930595041046549843104359
0.0065128758045854570674708733918403	0.000021600617490984460519098715276975
0.0064220040855928066729474940623389	0.000020709016719814210443848053882075
0.006332399701060579280150809822228	0.00001985421296993856864254249458144
0.0062440449952066943370648039732228	0.000019034687917737573208412589035195
0.0061569225575774755817451301992844	0.00001824898586978669359685311756248
0.0060710152196625431881842966678534	0.000017495711180554886234029318531247
0.00598630605155410296346979517952	0.000016773525776489068341791211352345
0.005902778358650707774828560222609	0.000016081146782113348774081280060394
0.0058204156784038403305791988686755	0.000015417344243936104129637162280534
0.0057392017771173308591997774894685	0.000014780938948222423258359981848287
0.0056591206467771947743465456471123	0.000014170800328592876727239120330484
0.0055801565019353914751451370631243	0.000013585844459941499989835529536935
0.0055022937766322848070370906756733	0.000013025032135001950476967644615653
0.0054255171213612484739059530731716	0.0000124873670201904784484742944075
0.0053498114000748237835285390601191	0.000011971893887460499873635419605004
0.005275161687229315156586606863835	0.000011477696919021425096648181051095
0.0052015532648755137991054555841376	0.000011003898081975435620924614153872
0.005128971619781676405063523472443	0.000010549655569904360044329232259771
0.005057402440603847778895762287455	0.000010114162308749992395911578462196
0.004986831615090586412323699816362	9.696644524259399058297916971682e-6
0.0049172452273190296911907745164841	9.296360368448765531855814774805e-6
0.0048486295549879282648644246336307	8.91259860280456748534249211342e-6
0.0047809710667244715091888837096264	8.544677335639218373793079398391e-6
0.004714256419450143222514156669377	8.191942811628308568501612498158e-6
0.0046484724557583472447140231213338	7.853768251124094536002667238967e-6
0.0045836062013576714735645712517214	7.529552737481655279416534701059e-6
0.0045196448625172114695555018357772	7.21872015009387489912580450236e-6
0.0044565758235794308086080045283965	6.920718141584080089764373055312e-6
0.0043943866444796660046649852031931	6.635017157038918303963281442419e-6
0.004333065058316190970595939263839	6.361109493764315907685345377932e-6
0.0042725989689520845791748590268927	6.098508399804414798271116664434e-6
0.0042129764486416880817270092473177	5.846747209599064035406218718335e-6
0.0041541857356951729244653880009085	5.605378515311219285669021402738e-6
0.0040962152321798877968972980533	5.37397337234692160843874345064e-6
0.00403905350164148986846858477727	5.15212053759235509540610749808e-6
0.0039826892668719769397506717146849	4.939425739129045727202410378563e-6
0.0039271114076891472508370878810489	4.735510975993722337469161468425e-6
0.0038723089587701605930121548140085	4.54001384690694299927042195323e-6
0.0038182711074867602184371521251182	4.352586906585289351294732377883e-6
0.0037649871917988960674381718578384	4.172897048705272205010051867128e-6
0.0037124466981576338128661706770252	4.000624914247606037439999205383e-6
0.0036606392594436233464660483112206	3.835464324269590417896431177267e-6
0.003609554652935513963622923309944	3.677121736079075590490086023169e-6
0.003559182798303601816365326353589	3.525315721831615885219364434321e-6
0.0035095137556307668636066959359858	3.37977646863466083991378515083e-6
0.0034605377234652909561346077664248	3.240245299286101274349697919527e-6
0.0034122450368942141215257054212223	3.106474212764382003128196288112e-6
0.0033646261656476397187625812203256	2.978225443687109719856262999305e-6
0.0033176717122310352357383785763721	2.855271039947431880364809107444e-6
0.0032713724100708415605366448443259	2.737392457741951365105088973383e-6
0.00322571912170668783018666578332	2.624380173360005102531462505617e-6
0.0031807028369896666865245566733012	2.516033310939606637475768268926e-6
0.0031363146713150874231402265081817	2.4121592856051437187229257561163e-6
0.0030925458638758475268849314316994	2.3125734613185715165250442929434e-6
0.0030493877759425054885468413139502	2.2170988228526616697000683375051e-6
0.0030068318891697121535444123468569	2.1255656613029642831860515794886e-6
0.0029648698039135994213739907666352	2.0378112725482099481958527639975e-6
0.0029234932375888906047915812114871	1.9536796681874295569807509429972e-6
0.0028826940230395017033531697899663	1.873021298383430815243028290847e-6
0.0028424641069325723020558303556162	1.7956927861439009455916339484616e-6
0.0028027955481724753642843198138854	1.7215566725622877184241077115768e-6
0.0027636805163439751791061501781511	1.6504811725839844164003402231903e-6
0.0027251112901731400069387387452797	1.582339940842312219180769565797e-6
0.002687080256003622107813127581453	1.5170118471464868046321205170632e-6
0.0026495799063050027708641044533469	1.4543807612529485393003824630349e-6
0.002612602838195293478534513106882	1.3943353465060339118093596429544e-6
0.002576141751981264274384751637191	1.3367688619899680289453104833144e-6
0.0025401894497272613309201554480313	1.2815789728582375834940693549218e-6
0.0025047388338378834580223945894934	1.2286675684799042126625669918696e-6
0.0024697829056579974979668215056339	1.1779405880871743897981863208335e-6
0.0024353147641023462708355708162563	1.1293078536326675919732655657558e-6
0.0024013276042908287565156654207556	1.082682909524726290115960653338e-6
0.0023678147162126595622417055917296	1.0379828689907321493833300686103e-6
0.002334769483410754806590336907946	9.951282667821407928796153996033e-7
0.0023021853816698245047638118603606	9.54042917939090440808161719794e-7
0.00227005597773672243499287296926	9.146537824022281057462055745342e-7
0.0022383749280592686102344971556088	8.768908352118630225513577221004e-7
0.0022071359775253527997353853691756	8.406869420433464045091614049682e-7
0.0021763329582438083125301064858439	8.059777399079447180809889151677e-7
0.0021459597883265371370520081755623	7.727015227582871785968105260367e-7
0.0021160104706860406714079451353945	7.407991318138765992464654469785e-7
0.0020864790918548753144423365899005	7.102138504189974218444702427396e-7
0.002057359820832995699448251309066	6.808913032512772557696788358073e-7
0.0020286469079235387871599697230753	6.527793596617826509803693771707e-7
0.0020003346836098165497924249762637	6.258280410301044525182355608938e-7
0.0019724175574367857949836247112074	5.999894319316740322971302977088e-7
0.0019448900169087102618282468938391	5.752175949722409348974072964688e-7
0.001917746626404671703288314389017	5.51468489139693021607203502788e-7
0.0018909820261055002509561899106497	5.286998915225134861573237061025e-7
0.0018645909309417121033609191022764	5.068713222644185611030323062444e-7
0.0018385681295506147053947233023566	4.859439726116248298923151856688e-7
0.05372813572617212183635589747922	0.002086516183237269669389841813486
0.09531793197058770840543403241967	0.010600458947367784643582428791808
0.1324279682015978662740375042719	0.02587769250676256062962348828591
0.16763903354643930073818178212914	0.047811877690463661822486895118
0.20193179401788882745034135812171	0.07615968891786485558210902445136
0.23580000867493206943050063620978	0.11060066317523983151972087730069
0.26952718795672620062956039104462	0.1507648811646544397010007547369
0.30328730326913797131346879231735	0.1962487030109004590165075000568
0.3371897031333476781780541215952	0.2466247149203776224052118239131
0.3713019592677955521714350169761	0.3014484527134909902930986298705
0.4056626429636211755055229495325	0.360263204058354055394508766476
0.4402890228530784801039883240138	0.4226036443024917814518761743301
0.47518200576425436995266388203	0.4879987831456968329978353439942
0.5103294958138179211038287596963	0.5559745381951443088090010312544
0.5457088068330641723690340585238	0.6260561468157185990160156599773
0.5812884893981907983572103413586	0.6977705537045608487620685440901
0.617029786236559595195921919412	0.770648856172887448326601296951
0.6528878461898869324268990720451	0.8442288462106206415870674681635
0.6888127774598492435870332788002	0.918057654904605582114678732588
0.7247505905215853265242240502344	0.9916944789416913593920032946
0.7606440619174265093223579549473	1.064713349700630132808390664237
0.796433537752261107833276995938	1.136705892096298927313631955874
0.8320576875928685780005875676268	1.207284012294634221540374305242
0.8674542141388483607764488974482	1.27608245010920669957296518009
0.902560520570743926415909847363	1.342761132743084113772308439155
0.9373143353142684366466008446248	1.407007270939068122986702094695
0.9716542927085365775341814842027	1.46853714589211331620100864888
1.0055204674712344024513752877223	1.527097544775559106719606794792
1.0388548607313393477566190027262	1.582466813749328007538659120114
1.0716018356138312573271229276	1.634455509176936174107583963666
1.103708500807330745108668789415	1.682906639846495625065144622213
1.135125041142004189167243023576	1.727695504692418098566957673699
1.1658049948886097132122296841443	1.768729141372067701390610027184
1.195705478205508663545029395217	1.805945410660841825723253811271
1.2247873578684280432983414017977	1.83931174970767876211982441768
1.2530153740857391541201972777031	1.86882363355869896003357118833
1.2803582158046658694000509819209	1.89450278892424763248258454454
1.3067885514343314995979692816165	1.916395206944036983575906928707
1.3322830183391388000619575476621	1.934569002787393808657524119306
1.3568221747847617313347882550492	1.949112169458758141046090131614
1.380390418248799377450995111001	1.960130271365409120828914507312
1.4029758741416209714731609785734	1.967744120270811260318387134269
1.4245702590263759406512719377283	1.972087472447515584813698480915
1.4451687223894227054330362156093	1.973304781403975931511376268233
1.4647696709030523672858795001035	1.971549035721038557431486681672
1.483374578952769616558847700257	1.966979706512576602019167851633
1.5009877889828190378147097863855	1.959760824006825467261004486277
1.517616304957082111017825934782	1.950059197889301596983324352034
1.53326958194890747664914131078	1.938042791479801705868497318755
1.547959314572944666992744746574	1.923879255631820348734120555872
1.561699226662799143466282179944	1.907734624504448193499751443261
1.57450486428898665460020555548	1.889772172105899434643000868832
1.586393393908528877360680133668	1.870151425758209783117888311147
1.597383407145406184863601749446	1.84902733037738392005178904726
1.607494733425104759912667714735	1.82654955568521003573517413799
1.616748261429459541525503482298	1.802861937135360444990136509045
1.62516577010159272630989653918	1.778102040403930322642187456812
1.632769769717195332635573824516	1.752400838723129682732658216616
1.639583353347697988186142251812	1.725882492074667834372245568497
1.645630058872691450896429151	1.698664217259023294692771441064
1.650933741553723852487282221458	1.670856238074215480969759402085
1.65551845705728962245388134492	1.64256180522647568307815492476
1.659408354710751626991318772632	1.613877276116137525803337446276
1.662627580689579815188316805311	1.584892245259967676219885600463
1.665200190765907511434970691355	1.555689716793780274009362162333
1.667150072195611499031246016823	1.526346311219958274460839052992
1.668500874281500583660113418705	1.496932499299907280682414849556
1.66927594712368390757432686831	1.467512856726004248978039726745
1.669498288050897201753177289134	1.438146333921741187594688838115
1.669190495219270458563864002123	1.408886536005924771388237668296
1.66837472786501807170841722241	1.379782008606598175482557278882
1.6670726727035542720914221844	1.350876525815754720671452161823
1.66530551597917377153012846542	1.322209377136243391981721236026
1.663093920684952039249259940476	1.293815650783513749864071184837
1.660458008491374194797460736795	1.2657265111675733053416188956
1.65741734594318917704235478845	1.237969468794719558279741168961
1.653990934507045286626012232511	1.210568641197420010163773136814
1.650197204076345702060338943438	1.183545003824724426612504772597
1.646054009564329708853662940219	1.156916630108630619389767128907
1.641578630241124235542095561074	1.130698920166547745233758598573
1.636787771495038509539440105635	1.104904817809503606281783487807
1.631697568722476181833214568049	1.07954501570347705170213694747
1.626323593074211118767143305614	1.05462814868007966926831878758
1.62068085880835674855709326652	1.030160975316092704025549192356
1.614783832021738582025685336044	1.006148548001498128290590800755
1.608646440552172262778844103886	0.982594371796710549648185764829
1.602282084863112595217569924315	0.959500552441912992554572272732
1.59570364974047708174594382702	0.936867933929545163131673064362
1.588923516648485313735600780216	0.914696226085866881912419845248
1.5819535766070421427881758678	0.892984122631051001613429874011
1.574805243467770664558695835292	0.871729410201340949225034987308
1.567489467479626764214921647568	0.85092906882398722546134146015
1.560016749047108755923221991846	0.830579364334883070419619153841
1.552397152595727300818952236827	0.810675933224012530214834456698
1.54464032046982673070022004293	0.791213860384279637065050812584
1.536755486797141144123186968277	0.772187750225978169019869388186
1.52875149126349214002106846752	0.753591791604311461803611618568
1.520636792748467688523607957541	0.735419816989289046942905887095
1.51241948278017841549205394015	0.71766535628882853300468134357
1.504107298773639706429719326071	0.700321685716378600082305385474
1.495707637022765254829633731703	0.683381872073571369404818856955
1.487227565421424373165031779125	0.6668388127987477166199316027
1.4786738358932291260827035112	0.650685272111108954346937842607
1.470052896514005834891667793629	0.634913913560687201942369902599
1.46137090331453954279611943314	0.619517329274750337304248733364
1.452633731754046740335939410568	0.604488066171669641717170891212
1.443846987858080561751551299773	0.589818649395763099713173137275
1.43501601901655911106913161784	0.575501603208246526454561731441
1.426145924440228865425020670302	0.561529469553431871332794545372
1.417241565275287804743144738732	0.547894824502640130637597025824
1.408307574377810113112004485303	0.534590292763763870416675431888
1.399348365750797456849961470007	0.521608560429811953507361667165
1.390368143648096520419217793973	0.50894238612677278063428354463
1.381370911350015766037829712138	0.496584610707989676166293062432
1.372360479616830473433728573022	0.484528165631249254018083609898
1.363340474826621452888964663636	0.472766080143136317362178541004
1.354314346804568407727917271441	0.461291487385274257507665841573
1.345285376351357414237989485449	0.450097629527585768397375999403
1.336256682478839451876307676713	0.439177862025040712985840255113
1.327231229360616939268648009717	0.428525657085379341409151777079
1.3182118330067253323610307915	0.418134606429206609048077973939
1.309201167670109241613083179252	0.407998423415026994738477665478
1.300201771994171825190717129514	0.398110944597122031556685106423
1.291216054909381582796371722372	0.388466130776671297756509376413
1.282246301287942398056582602927	0.379058067602285824475703783539
1.273294677364678132195459310933	0.369880965770172151043488946982
1.26436323593258912959230575711	0.360929160869991576679803561229
1.255453921321583090320085770418	0.352197112918372749255040950156
1.246568574167843696986481769963	0.343679405617260499288897088869
1.237708935982473824352650570092	0.3353707453720418530126692462265
1.228876653526559959554829796141	0.3272659600998537608070026367462
1.220073283000621803285698561169	0.3193599978564287958306387091424
1.211300294055398872495501526962	0.3116479253063916601454006687798
1.20255907363160953916995175031	0.3041249260601968851644367323981
1.193850929634814724884188649666	0.2967862988975040431874877448936
1.185177094453032520100316808851	0.2896274558962237542739215089399
1.17653872832261031818315542481	0.2826439204829141740554676044435
1.167936922549549572602000157203	0.2758313254201118315265295644512
1.159372702591315714005426151293	0.2691854107430075418728283124376
1.15084703100605860126657871306	0.2627020216581579384916714070008
1.142360810273651300641242776952	0.2563771064138115726760661847109
1.133914885495089686503334100942	0.2502067141520930165690775414927
1.125510046974582232870870456305	0.2441869927506599251570144681173
1.117147032689780647915586464173	0.2383141866615245386688588240635
1.108826530654788430632681177989	0.2325846347533731580899349088297
1.100549181180561530707602233149	0.226994768163066363717338571348
1.092315579037144310647983646362	0.2215411081613072397679251268128
1.084126275521901853679140462137	0.2162202640367467946509380866394
1.07598178043813277625072669919	0.21102893100248404043763865534
1.06788256398726314753536761518	0.2059638881277376044565695081196
1.059829058579133330353116002494	0.2010219962979592199004984618349
1.051821660563566097460039929969	0.1962001962054761172970043854717
1.043860731886575907875788659907	0.1914955063725893946264808586128
1.0359466016745036124013091588	0.1869050212087764560796363287472
1.028079567749844276806521909091	0.1824259091036847848116032658832
1.020259898080472828677221623661	0.1780554105562220532394125804136
1.012487832166506359375762290336	0.1737908363413613153129260745313
1.004763582366676558092013611871	0.1696295657147574059153575732438
0.997087335167151676640490364442	0.1655690446557801144236238160618
0.989459252395277495568077725629	0.1616067841491876551043357988533
0.981879472381027432970424865414	0.1577403585057412141358061043674
0.9743481110671236930252953362981	0.1539674037210492707314911030438
0.9668652630720030448783751160559	0.150285615873525734580650754669
0.9594310027063880913996835543649	0.1466927495605194065029321792672
0.9520453849451954736848317161776	0.143186616372178874692250859443
0.9447084463584373297872875548734	0.1397650834034930237008593442792
0.9374202060006252941854000786939	0.1364260718029206359067384635342
0.9301806662623620110185117996761	0.1331675553580207542110013258062
0.9229898136848527227704014407993	0.129987559117063449686343674852
0.9158476197391575434299042626382	0.1268841580461227566502775277354
0.9087540415713834471737263960344	0.123855475720875203249619561912
0.9017090227162207089200249765824	0.1208996830528495153879089085895
0.8947124937788001797899857390888	0.1180149970488325539616726413096
0.887764373087965766411956848582	0.115199679603478598116547124196
0.8808645673197952204411156400164	0.1124520363233993892663243444565
0.8740129720959035574955495942895	0.1097704153833752539024858161692
0.867209472554406681525529950994	0.1071532064126217091227711323514
0.8604539438967740274287582220112	0.1045988394112488061603314438395
0.8537462519109005956696414567152	0.1021057836958878350282503147463
0.8470862534710386412673902074142	0.099672546873631543124334135056
0.840473797016639091520560502662	0.0972976738439753148732196052943
0.833908723010522577937577041509	0.0949797458278448131041295853283
0.8273908643759204558100987425722	0.0927173794225407233745813225567
0.8209200469160620655518248508173	0.0905092256829164305245321227178
0.8144960897147797005107043397002	0.0883539692272638829513152559493
0.8081188055192865369877819314174	0.0862503273673923351909549774862
0.8017880011065697710282499800192	0.0841970492624816788991764003929
0.7955034776350358522513233508044	0.0821929150963452130093609847993
0.7892650309782273902325880999494	0.0802367352762234756889916856319
0.78307245204602730129299155929	0.0783273496540449812028207476754
0.7769255270915342420466603211024	0.076463626768736907166436415517
0.7708240380033720943983245600464	0.074644463108760247656561168048
0.764767762586737934033159308926	0.0728687823951277245213301999079
0.7587564748302294251757089486869	0.0711355348832844403554539707987
0.7527899451626408226099078863455	0.069443696684398665556822358283
0.7468679406982566330310931107704	0.067792269104924510401064375531
0.7409902254692952579854768005006	0.066180278003427557031546863833
0.7351565606506962267414614382176	0.0646067731654987122779421114812
0.7293667047740453466803200540948	0.0630708276952191323044316089535
0.7236204139303029801593112800581	0.061571537422532748635355883535
0.717917441966366107151828888939	0.0601080203272894160892241405388
0.712257540670758404617316509653	0.0586794159781440910177013206261
0.7066404599511863708854788709522	0.0572848849865200829747695326172
0.7010659480057882948270776108064	0.0559236084755592200078202208995
0.695533751484349741242935227207	0.0545947875626287141972245331538
0.6900436156433290466302161171225	0.0532976428558734535040121799049
0.68459528449514584876107989999	0.052031413964423599549702416258
0.6791885009471057654570522562389	0.0507953590207279076954976422133
0.6738230069381553487712872730716	0.0495887542165046943227070916749
0.6684985435671729061199003091318	0.0484108933504005952553638505964
0.6632148512150010809864107983643	0.0472610873874902222956587894182
0.6579716696609568810609699860359	0.0461386640303916423007209184714
0.652768738195879650726602743176	0.04504296730204764122293381711
0.647605795728394755960563772896	0.0439733571390792819830031007623
0.6424825808837437638145448753542	0.0429292089952680792861760814053
0.63739883210472459445056579781	0.0419099134567812900638330683107
0.6323542877391958354518758076417	0.0409148758656123980060531419769
0.627348686130260049808650183784	0.0399435159542230204754584578831
0.622381765700361518398910252501	0.0389952674892608076532339370214
0.6174532650284797493566740251812	0.0380695779239477527446584351506
0.6125629229269804387158616534572	0.0371659080601164836037210180216
0.6077104785133856805822576974909	0.0362837317186877355362586056301
0.6028956712774298477594558113582	0.035422535418415814929353579341
0.5981182411499704782637944857581	0.0345818180638128732097162076618
0.5933779285593104638907269632367	0.0337610906394162867931369847927
0.5886744744920696354428916908447	0.0329598759132372076956660778409
0.5840076205518026736682955472022	0.03217770814787343549468841244413
0.579377109006278778980347386323	0.03141413281756221439452670558864
0.5747826828417740156191366963611	0.0306687063340655685363971264949
0.5702240858081105496877051991722	0.0299409957784181486684900344764
0.5657010624642471245945953533541	0.02923057863998127693167983543836
0.5612133582225665335969152457857	0.0285370425622637740293256050109
0.5567607193843103174720705812601	0.0278599850941594556485830440657
0.5523428931853917642802848249729	0.0271990134493809251160026817529
0.5479596278224591538252027632513	0.02655374426929528871718677947684
0.5436106724962174128869903128556	0.02592380339459952048240155585776
0.5392957774348666884858766258906	0.02530882564009552350672398159717
0.5350146939340163475489452958053	0.0247084545777503345822085641649
0.530767174374587049661926514919	0.02412234232232102335417792785689
0.5265529722564823237442073432202	0.02355014932479642078078152599332
0.5223718422203033129820231004518	0.02299154416955948097269364127535
0.5182235400740957574309948360916	0.02244620337749907786535741363092
0.5141078228113074281873758869875	0.02191381121305798715165010852107
0.51002444863342753605494185981	0.02139405949688855215421537162598
0.5059731769700472418232257828514	0.02088664742299208548923622610973
0.5019537684947210262350476625698	0.02039128138003365986622971445043
0.4979659851437130925711481280164	0.01990767477759986492914299318939
0.4940095901289111626675281242882	0.01943554787618945164653063292866
0.4900843479540241290633343795034	0.0189746276219440609037849996482
0.4861900244293164512349480300203	0.01852464748540150203051872617756
0.4823263866791436749205371542049	0.01808534730351993779662881061518
0.4784932031576742704920312087953	0.01765647312665151721730910349521
0.4746902436581833385034758072525	0.01723777706864817542060577166819
0.4709172793186447577173323847394	0.01682901716036082850566101169089
0.4671740826362977074664199742766	0.01642995720780695270814329959727
0.4634604274714477970853647042698	0.01604036665273817977113247228575
0.4597760890523915009769983607485	0.01566002043685147647414417661753
0.4561208439882308074229600195176	0.01528869887021141079024426810136
0.4524944702667039658919306207854	0.01492618750142917769483483216407
0.4488967472655477954263242005887	0.01457227699245729381068678275586
0.445327455749426278552879880111	0.01422676299507275417841174574224
0.4417863778817197729235906884918	0.01388944603188747100233836925703
0.4382732972219667202763864209464	0.0135601313789246774032784505971
0.434787998721927437726482325079	0.01323862895101896814925194134632
0.4313302687462658268577583209995	0.01292475319231231640024667185956
0.4278998950510766392617666056701	0.01261832296560152930575792359815
0.424496666799189613467280296181	0.01231916144777077610861188806167
0.4211203745597531369669528970404	0.0120270960263629127774829598075
0.4177708103017422048256513255361	0.0117419581981907666081371131077
0.4144477673888874325743557168665	0.01146358347059960689999006844481
0.411151040599165054962631697494	0.01119181126719047252960428462634
0.4078804260995493873967538848715	0.01092648483213718628926128269563
0.4046357214589163861828616031922	0.0106674511400088198217057195291
0.4014167256401854548060687354379	0.01041456080609835853362880249263
0.398223239003179536830453771381	0.01016766799979929980802631178568
0.3950550632857472410513821183094	0.00992663035842917477496794927285
0.3919120016245402239789788304235	0.00969130890618882201280460130408
0.3887938585329067559102214348295	0.0094615679718359095102480678872
0.3857004399135581945370808749895	0.00923727511096421070744864329141
0.3826315530246731459321087002463	0.0090183010267943982198184615596
0.379587006513600472217030877257	0.00880451949775187607088401146687
0.376566610386935202300085080902	0.00859580730225230186024677656373
0.3735701760164971401730090072424	0.0083920441478616506787013815361
0.3705975161321842411696704328992	0.00819311260125123167635725434637
0.3676484448049996012810169628316	0.00799889801921956068597129399206
0.3647227774623980338636791903729	0.00780928848351801039468278853976
0.3618203308782675423626609046092	0.00762417473555312923239669236742
0.35894092315295430871178521642	0.00744345011206982836720203612816
0.3560843737157591959963071723055	0.00726701048382989552122193374652
0.3532505033251322255941015215156	0.00709475419559525506421192860956
0.3504391340611306956622644295562	0.0069265820070740186998509603241
0.3476500893028087974503419974924	0.00676239703441750643944884063753
0.3448831937432679272507034718137	0.0066021046953601930341591559654
0.3421382733752209251232183232901	0.00644561265392440097483085552256
0.3394151554833056659511295685434	0.00629283076686479930580814694021
0.3367136686364823976169081433688	0.0061436710314104202539856749303
0.334033642682300047507520858111	0.00599804753436750457279877428757
0.331374908739089986542540138764	0.00585587640233140181054139241089
0.3287372992038295141658061627385	0.00571707575391585367902095290104
0.3261206477076142672275317230803	0.00558156565038230261237665738332
0.3235247891548873114463043165814	0.00544926805182708947916184803956
0.3209495596803249435512833197992	0.00532010677015307317827059546046
0.31839479667394431824240291577	0.00519400742663875198650519196702
0.3158603387392041056881314304056	0.00507089740718101176889332825282
0.3133460256924581523225107062268	0.00495070582069156607643382205145
0.3108516985966854598547813446265	0.00483336346006454331235575406972
0.3083771997061955576499106898689	0.0047188027598518070274061912501
0.3059223724753222366653829643544	0.00460695775800252645287871029418
0.3034870615542681905482097804945	0.00449776405789255461999918914226
0.301071112763607986401468925107	0.00439115879031660058498505160663
0.2986743731390638218455428976277	0.00428708057947217713534175459825
0.2962966908540246960105007748717	0.00418546950441095704911151671304
0.2939379152564099297210336393152	0.00408626706639572967480195343856
0.2915978968613784012893354938424	0.0039894161550885585602100265331
0.2892764873094420261697485562136	0.00389486101414786197952950423703
0.2869735394129492430980584349555	0.00380254721125995211379295236082
0.2846889070849852366658564627681	0.00371242160412840075904703838574
0.282422445378676585255624771584	0.00362443231170587738556162990903
0.2801740104867786945840337595386	0.00353852868447479442888158190741
0.2779434596791751263455722569006	0.0034546612731017616218431069922
0.2757306513387837088470653262247	0.0033727818015986378185132410226
0.2735354449722149657515548561704	0.00329284314009414486011719017675
0.2713577011485737076983860482545	0.003214799275652707232440561905928
0.2691972814890542887545961446058	0.003138605285702980081087732427762
0.2670540487568773141332304277506	0.003064217315558805907024053275596
0.2649278667496844634601552016	0.002991592549539561815959148694473
0.2628186002986168093462928038518	0.002920689186581669191847122359788
0.2607261153076507506914847271738	0.002851466417733371384921389986272
0.2586502787608882266880395175459	0.002783884403038123621142688726768
0.2565909586208079958468772576687	0.002717904245469005028233928802439
0.254548023876846339058695005674	0.00265348797040113415619780944239
0.2525213446065151161672536707716	0.002590598505828963185380252232375
0.2505107918358856320810352042184	0.002529199656824513497624029008099
0.2485162376422639752810719567069	0.00246925608811278740900250084131
0.246537555070194134139667634197	0.00241073330134558804947871537415
0.244574618185590481375926457531	0.002353597617066624133653385015254
0.2426273019967853566088227336953	0.002297816153194259856293545216996
0.2406954825638511761609012180178	0.002243356809427315729927441630605
0.2387790368482258497488035526951	0.00219018824463823607622573421949
0.236877842789149592930771082745	0.002138279861231389600895635389861
0.2349917793365162828218178328086	0.002087601788545057436583882412455
0.23312072629908460019493889506	0.002038124861728088181503921416481
0.2312645644962635954890340423361	0.001989820609228604976122673494492
0.2294231757060633345017456168342	0.001942661235102911327803465199265
0.2275964425449250777307676781048	0.001896619600125717143861342804524
0.2257842486394988327473985186691	0.001851669210735300520848449719355
0.22398647843902729212413731996	0.00180778419921885367760392594171
0.2222030174269053524079691421379	0.001764939314197434392874865984749
0.2204337518850887192024210062944	0.001723109900472606352519493881874
0.2186785690338895362823405981688	0.00168227188840435816040331537743
0.216937356971111861420576342283	0.001642401778736044917954009179501
0.2152100046229636900288880525168	0.00160347662813185331161146630871
0.2134964019476614892787135754461	0.001565474040683280014446533361144
0.21179643958015098699049613844	0.00152837214718333145002040241326
0.210110009153720981035461851411	0.001492149599860718582180167795169
0.2084370031003340072086038870402	0.001456785555799717692694252264539
0.2067773147033983891416950380001	0.001422259666257271391393898302907
0.2051308381271847693825891544399	0.001388552065668863394492207084776
0.2034974682653433137029814473872	0.001355643357246992731259550678896
0.2018771009879226188953031547469	0.001323514606967783133953209338403
0.2002696328743954295345666361282	0.001292147327389605555833151517798
0.1986749614080481302757397297531	0.001261523471010237811230473034396
0.1970929847591598491225706952087	0.001231625415794015852912870864148
0.1955236020428166019190430146078	0.001202435960084358122708271376971
0.1939667131150305612334126316689	0.001173938308900240203223708778347
0.1924222185966052229790273953211	0.001146116064888418093606224024017
0.190890019881172882113163393001	0.001118953219170960097745209679363
0.1893700192887717605654497015964	0.001092434144909464391506510107213
0.1878621196406985100153727354408	0.00106654358096607709478497417648
0.186366224817991956354638141828	0.00104126663295472051238001996893
0.1848822392745937691799081696146	0.001016588756337321770529376583784
0.1834100683039767914528390994268	0.00099249575272920568464583692576
0.1819496179459372864324214758532	0.000968973760220096247318482476499
0.1805007949005012715646678505803	0.00094600924413828345804511886548
0.1790635067238902989830903162155	0.000923588992488051361224969285218
0.1776376616280694367597405239967	0.000901700105232074294253472469282
0.176223168571259197023788561668	0.000880329988403602432521100984688
0.174819937279901185510350278484	0.000859466347241391517032703421916
0.173427878040414502157690064966	0.000839097176116699948458273041268
0.172046902067991072549904636572	0.000819210757153307257376928813136
0.1706769212324066524083661910505	0.000799795649453692627492187025104
0.1693178479025477387216101740714	0.000780840680498576545103286801435
0.1679695953763785522803347200466	0.000762334945868252038058608508036
0.1666320775395745777048794789069	0.000744267798205050029556717063245
0.165305208939718228512031609289	0.00072662884224513442059500589785
0.1639889048203627046218193229588	0.000709407929369184367947952883398
0.1626830812071252362258485304261	0.000692595152909272526261800785337
0.1613876546618006092483219877645	0.000676180839310658452624640811066
0.1601025423575735012979987918953	0.000660155543693634878712145375856
0.1588276623461384953441636824164	0.000644510047782198473828137782929
0.1575629330710590322486374545586	0.000629235348612449640580287306027
0.15630827389282741059124894422	0.000614322659854642951728743011228
0.155063604519470504149159325715	0.000599763399950805589355355151036
0.1538288455170430525380118818124	0.000585549193339402469378883801684
0.1526039179065157090692786433498	0.00057167186095558643621076052284
0.1513887435757702402145303972554	0.000558123420296273578099702244941
0.1501832448347575412996240020935	0.000544896075823304222713825781257
0.1489873448480576401648411499043	0.000531982219339980173508487843884
0.147800966879022129578290398453	0.000519374417490584530125703303219
0.1466240353091382631673742089803	0.000507065418544622077421033895684
0.1454564750592496566810249901916	0.000495048141932315806586107551548
0.1442982113849801013129760947035	0.00048331567221702642557867649958
0.1431491701503081833379876158524	0.00047186125808095929224279619434
0.142009278363238598976269764954	0.00046067831368363278581878614836
0.1408784629589086630886643964275	0.000449760402826530861297680139501
0.1397566515271188166951000464564	0.000439101242660879007136464249717
0.1386437726970766917578491930262	0.000428694703622155878469132193182
0.137539755138596429023028694292	0.00041853479647847973528656092501
0.1364445283957090890298375549286	0.000408615676805748928448566699216
0.1353580225510347743798111577769	0.000398931638470764237154668634165
0.1342801679058439290340343769058	0.000389477107619652622247244354091
0.1332108959889721201314843658532	0.000380246648384050020705018448876
0.1321501381919970429301617432174	0.00037123494782078422846603928696
0.1310978267721506018327766304191	0.000362436821676812415379520935388
0.1300538947532489143236253440935	0.000353847210414260421457881537519
0.12901827519238563622796439279	0.000345461170295039756836810986442
0.1279909017045250574722376441527	0.000337273875042998144083297729235
0.1269717092431125169380766563411	0.000329280619151774378972631737183
0.125960631942348538285829208347	0.0003214767981800763603145807682363
0.124957605715878461247229637386	0.0003138579265450918325315257254182
0.1239625663696634877934760446143	0.0003064196202069971745543000766497
0.122975450190043103183553593607	0.0002991575988439967104401417785384
0.1219961939302513022756563667401	0.000292067683337409508795032956856
0.121024735635796029711636315682	0.000285145799249992708210988615331
0.1200610129000371824009821430071	0.0002783879619259348658645299718578
0.1191049637024467281525900304943	0.0002717902805005289498254459362842
0.1181565276669732227327199565478	0.0002653489642202483555521453618557
0.1172156438530977048097526263061	0.0002590603050139237693040819816524
0.1162822517148358542769584265893	0.0002529206822082370848970716413744
0.1153562925428394192093507993681	0.0002469265697712132584430979841345
0.114437706319701653530235966127	0.0002410745137312351699675305586948
0.1135264343949370056508185949061	0.0002353611477625430153808794404547
0.1126224192213786030890113077401	0.000229783189201944191664152086665
0.1117256021747149643886449892224	0.0002243374237372555754870764861231
0.1108359267023334405821882183981	0.0002190207229967457668934943256254
0.1099533359535142864607111584139	0.0002138300281708607676784228824685
0.109077772226508618215537726463	0.0002087623454589028633251309072352
0.1082091811884518817398363731498	0.0002038147688099312979454954844834
0.1073475065830699567524004795031	0.0001989844475073274068245562862348
0.1064926927636508796049837077463	0.0001942685994809231682845248653616
0.1056446865685681282403671323568	0.0001896645197451177370502452351851
0.1048034326885122834258434146999	0.000185169553418024741912649605745
0.1039688773286808979128915755844	0.0001807811144248547275677070486978
0.1031409677177970008457728034332	0.0001764966810439590065766166377973
0.1023196507880847337114795464586	0.0001723137875595023116383769803849
0.1015048740619288795366325797419	0.0001682300275649594270240510690076
0.100696585305955724907768381282	0.0001642430508336259011992614869963
0.0998947327073705098309291610428	0.0001603505628995833096429951213138
0.0990992649966201395207807886419	0.0001565503243306479190933655320218
0.09831013150368054970384236070239	0.00015284014966625856225254659221
0.09752728213372562229308638069511	0.0001492179059917242309303754739436
0.09675066646876148777456250279738	0.0001456815076065355442695944185808
0.0959802350119071601234933136228	0.0001422289206347430284881587457741
0.09521593894103675027316600294929	0.0001388581606016871671635068013177
0.0944577280073958289020258545228	0.0001355672821614225577201798696286
0.09370555500385371813312080884334	0.0001323543975535056982092785040707
0.09295937192418350645859229784933	0.0001292176586034613336300347787747
0.09221912995607891879466956396006	0.0001261552560486965953367275650075
0.09148478427263539624952381158285	0.0001231654382524738893011511195266
0.09075628462794978562693614381598	0.0001202464716547030796095479673589
0.09003358575629453612520940805952	0.0001173966823258137341710828583352
0.08931664267898528705285124917781	0.0001146144354821689376524586444187
0.08860540825582072826119337678615	0.0001118981253157794570983135149247
0.0878998370301217986548326591587	0.0001092461891925763510715689523112
0.08719988507011555438210411945214	0.0001066571057792828766286718246648
0.08650550602697202211695916173653	0.0001041293796024193263721289500366
0.08581665637986455344504764423748	0.0001016615596479597420687309528404
0.08513329258857726131250264193883	0.0000992522278642074176280805239242
0.0844553689124654306898497350087	0.000096899990958592332342711743967
0.08378284580003030093661751768811	0.000094603508729740142402496614698
0.08311567702741664940927106061476	0.0000923614488340222594746776554496
0.08245382217778393023603068478405	0.0000901725288652228688628229505777
0.08179723418595143054841707973466	0.000088035473955868455199291768259
0.08114587887846032469469060127847	0.0000859490799595118621209879297356
0.0804997064173176933446981072146	0.0000839121202482617034584139828072
0.07985868226627874456323992898331	0.0000819234443622649696764106092353
0.07922276208183828235688896063414	0.0000799818975752341524150525371166
0.0785919042765295430809482838672	0.0000780863601793574302748836503866
0.07796607036715960390676121899513	0.0000762357472713331839593927787127
0.07734522146899901732689647088938	0.0000744289973575672920431227035712
0.07672931595782162954283342838745	0.0000726650652857400808561912589426
0.0761183147428171871462835121216	0.000070942937094270232594976361657
0.07551217706309515437127866101032	0.0000692616173629326886845081766076
0.07491086835043386631446236655146	0.0000676201503770638285934993779293
0.07431434946853781996035868187346	0.0000660175896244189574326714907171
0.07372257754091913794166644876029	0.0000644530004891274131679777408901
0.0731355188710306602171000718092	0.0000629254939136480746397778104425
0.07255313484862707795987032513299	0.0000614341882370322585112969900508
0.0719753877652984000981308726482	0.0000599782243117108936644902181319
0.07140224516130956913162650612177	0.0000585567755836345598649303463023
0.07083366056422470022080505818884	0.000057169000009756247698157683131
0.07026960906525928118827400489975	0.000055814127141766583982975452255
0.06971004624927111646086421198062	0.000054491357279973920027128450212
0.06915493623541372566436639449111	0.0000531999294951818611092484341262
0.06860425157962051200216846219479	0.0000519391194151024469498448786931
0.06805795070494804774409839989117	0.0000507081868848580033512338412042
0.06751599997462209368872496280208	0.0000495064267120100296668093880828
0.06697836296295193859242943121225	0.0000483331436641092810673511452076
0.06644501194242114026187658325266	0.0000471876770830858976039353648146
0.06591590185465186399856358780215	0.000046069344492604313844769622107
0.06539100989372847576058102791009	0.0000449775258659982504232518657508
0.0648702944375829328003061998572	0.0000439115762050112354701141598348
0.06435372907710787358552576044562	0.000042870896322609735097431202973
0.06384127372132512973035155127179	0.0000418548732525101649755155988697
0.06333290336934719749619346177801	0.0000408629378111208879319521428828
0.06282857699058533808311658669284	0.000039894502672848356584435523431
0.06232826784565647122221931915262	0.0000389490213877792769808527262368
0.06183193925065243939637746296912	0.0000380259412230756463577139762677
0.0613395683422791831998112012789	0.0000371247475231536406112984402913
0.06085111487493769851514401585428	0.0000362449056757473711618724069142
0.06036655045081705923217467913117	0.0000353859147599252112312695350768
0.05988585124302821378623186124246	0.0000345472930071724950359296725737
0.0594089726208451648368241266196	0.000033728533721471009353708455728
0.0589358978857892665907806618625	0.0000329291895706572753045025764773
0.05846658584562463552848991319476	0.00003214878209581041030187004349834
0.058001010162625791584344986102	0.00003138686862409010073540245325354
0.05753914447039056604331655171613	0.00003064301630736848569840238036241
0.05708095072296041264773183829307	0.00002991678360310402920218063675985
0.05662641168758178118467314581917	0.0000292077718099414913439416239615
0.05617548767797657131632827144043	0.00002851555638211014565791557302168
0.055728163528257098919914607116	0.00002783975988441517834301332154796
0.05528439545549650918750973975772	0.000027179970464218917387056630563
0.054844160269866423303739183111	0.00002653581648627865216065149505595
0.05440742892212346819937393037381	0.00002590692612813450186750773678978
0.05397418276200999399483261664496	0.00002529295073481296548468472268762
0.05354438319501883751550224623729	0.00002469352149444369299532696010425
0.05311800380179734627605291060417	0.00002410829521671522713208937010816
0.05269502473744537552766987515	0.00002353694530255535082950940866609
0.05227540751053446780979041033785	0.000022979127621259886277473779688
0.05185913076167798887060314752485	0.00002243452875576262302929445280022
0.05144617480901094036282169769911	0.00002190284430163168984777894272533
0.05103650285477279000641446856447	0.0000213837549361001474136789013539
0.05063009040656587337651898618718	0.00002087696438894914659203886796288
0.05022692849111888092835423016314	0.0000203822019652890906020609282851
0.04982696079237812447382000803416	0.00001989914559239113748994834348399
0.04943019122089784784187303948082	0.00001942755306256307010358671030985
0.04903657702504147235709232130735	0.00001896713213694076417860182251029
0.04864608291439517901102227322467	0.00001851760660061205786533904001353
0.04825870869725177763974099364477	0.00001807874646393072164086972296171
0.04787443115033778474646162654372	0.00001765030038156144013603126641799
0.04749320104738755801028943859858	0.00001723199438313683261573654916339
0.04711500923934309710845741026831	0.00001682360478568335658465648910196
0.04673982291842559306404126358043	0.00001642488740773175771509247109862
0.04636762694297907216210290597502	0.0000160356223467377244242641275843
0.04599839730185270815956862886226	0.0000156555852935232454629572130338
0.04563211632684299194396703689699	0.00001528456344836376150995651755101
0.04526874219416634163365509045399	0.00001492232474510629925329538606639
0.04490827308483906192372143175139	0.00001456868209684166240466917411823
0.04455065083801595310406036671708	0.00001422339787771517718260861947263
0.0441958957397196304196700667385	0.0000138863152057745044370688004627
0.04384397274579103131240739065723	0.00001355722779621780823793126465953
0.04349484022764342259848413449894	0.00001323592854018124119908711488095
0.04314846969018427848873156712862	0.00001292222757290423452090299691931
0.04280486939671956068573941011509	0.00001261597209038780696681209298005
0.0424640283136441683636933545617	0.00001231699489016500583816444164935
0.04212587018493951892498722160033	0.0000120250763543074907099521606196
0.04179042290548383343176112102222	0.00001174009156206854260259138847147
0.04145762882259774450089462878936	0.00001146184578725523465911597759797
0.04112749833311443847996315981103	0.00001119020552487881966271794689683
0.04079999896290534760337028164968	0.00001092500482598774955362519450066
0.04047509985272111453578913069292	0.00001066608318575457715558037040703
0.0401527993093923877254012200696	0.00001041330677813107868192226852939
0.03983304911185584092965433142868	0.00001016650860416592638253159547242
0.0395158596909700661547202201325	9.92557053959768765337318382489e-6
0.03920119509257995116987291927319	9.69034181115469214900926816719e-6
0.03888905557485620903424356196892	9.46070199595523128079036580084e-6
0.03857936113367336406682953546588	9.23647517074793619498518246991e-6
0.038272162010010232622469334148	9.0175832531894610979848891887e-6
0.03796739827272210242839146209727	8.80387128274129820619484376861e-6
0.03766505174003287726316771559237	8.59521756825223052050842752743e-6
0.03736511896617459715639654181914	8.39151308815435452461742881567e-6
0.03706757823465000888460189849969	8.19263876024598585244200984988e-6
0.03677242459663608395747207486427	7.99848923514280424294691400134e-6
0.03647959624516622512237170577418	7.80892468525445964477710422342e-6
0.03618908545134473036076087917848	7.62384377990458289294472343912e-6
0.03590090746381690842970540819294	7.44316150645671307561487054e-6
0.03561501994159082258640307009766	7.26675868582203297568867434726e-6
0.03533144558409779614945529927305	7.09455864206092084818376440595e-6
0.03505010258534811449968451745029	6.92642349257395658506646995688e-6
0.03477097500880261006854499090138	6.76225847824477103316003478964e-6
0.03449412494047609361059008472776	6.6020157493492899461749067767e-6
0.03421940678712312794082839840731	6.4455293252020559799099645669e-6
0.03394689664845656221206912621167	6.29276325179952633722892903581e-6
0.03367661159745206315026956062798	6.14364795964771376937934212261e-6
0.03340844492207436854973299087029	5.99804803550580252574359092868e-6
0.03314237300505557380839521388817	5.85587717447483293448412022908e-6
0.0328784705216922299979711234303	5.71710245038759688789188804013e-6